[1, 0]
[2, 0]
[3, 1]
[4, 0]
[5, 0]
[6, 1]
[7, 0]
[8, 1]
[9, 0]
[10, 0]
[11, 1]
[12, 1]
[13, 0]
[14, 1]
[15, 0]
[16, 0]
[17, 0]
[18, 0]
[19, 0]
[20, 0]
[21, 1]
[22, 1]
[23, 0]
[24, 0]
[25, 1]
[26, 1]
[27, 2]
[28, 0]
[29, 2]
[30, 1]
[31, 1]
[32, 0]
[33, 0]
[34, 1]
[35, 0]
[36, 0]
[37, 0]
[38, 1]
[39, 1]
[40, 1]
[41, 1]
[42, 1]
[43, 0]
[44, 1]
[45, 0]
[46, 0]
[47, 1]
[48, 1]
[49, 1]
[50, 0]
[51, 0]
[52, 0]
[53, 1]
[54, 0]
[55, 0]
[56, 0]
[57, 0]
[58, 1]
[59, 0]
[60, 1]
[61, 0]
[62, 1]
[63, 1]
[64, 0]
[65, 0]
[66, 1]
[67, 0]
[68, 0]
[69, 0]
[70, 1]
[71, 1]
[72, 1]
[73, 2]
[74, 0]
[75, 0]
[76, 2]
[77, 1]
[78, 1]
[79, 1]
[80, 1]
[81, 0]
[82, 0]
[83, 0]
[84, 1]
[85, 0]
[86, 1]
[87, 0]
[88, 1]
[89, 2]
[90, 0]
[91, 1]
[92, 1]
[93, 0]
[94, 1]
[95, 0]
[96, 1]
[97, 1]
[98, 0]
[99, 1]
[100, 0]
[1, 1]
[5, 1]
[6, 1]
[7, 1]
[8, 1]
[10, 0]
[11, 1]
[12, 2]
[13, 0]
[14, 0]
[15, 0]
[16, 0]
[17, 1]
[18, 0]
[20, 0]
[21, 1]
[22, 2]
[23, 1]
[24, 2]
[25, 1]
[26, 1]
[27, 0]
[28, 2]
[30, 2]
[31, 1]
[33, 1]
[34, 1]
[35, 1]
[36, 2]
[37, 1]
[38, 2]
[39, 0]
[40, 1]
[41, 1]
[42, 1]
[43, 1]
[44, 2]
[45, 0]
[47, 1]
[48, 1]
[50, 1]
[51, 2]
[52, 1]
[54, 2]
[55, 1]
[56, 1]
[57, 1]
[58, 2]
[59, 1]
[60, 2]
[67, 0]
[69, 0]
[70, 1]
[71, 1]
[73, 1]
[74, 2]
[76, 1]
[77, 2]
[78, 1]
[80, 1]
[81, 1]
[82, 2]
[87, 1]
[1, 0]
[2, 0]
[3, 0]
[4, 0]
[5, 0]
[6, 0]
[7, 0]
[8, 0]
[9, 0]
[10, 0]
[11, 1]
[12, 0]
[13, 0]
[14, 0]
[15, 0]
[16, 0]
[30, 0]
[31, 0]
[32, 0]
[33, 0]
[34, 0]
[35, 0]
[36, 0]
[37, 0]
[38, 0]
[39, 0]
[40, 0]
[41, 0]
[42, 0]
[45, 0]
[46, 0]
[47, 0]
[48, 0]
[49, 0]
[50, 0]
[51, 0]
[52, 0]
